file counts
1308
counts(percent)
272.0,273.0,269.0,150.0,56.0,24.0,20.0,33.0,18.0,3.0,3.0,3.0,0.0,0.0,0.0,0.0,0.0,0.0,0.0,0.0,0.0,0.0,0.0,0.0,0.0,0.0,0.0,0.0,0.0,0.0,0.0,0.0,0.0,0.0,0.0,0.0,0.0,0.0,0.0,0.0,0.0,0.0,0.0,0.0,0.0,18.0,4.0,0.0,0.0,0.0,0.0,0.0,0.0,0.0,1.0,0.0,0.0,0.0,0.0,0.0,0.0,0.0,0.0,0.0,0.0,0.0,0.0,0.0,0.0,0.0,0.0,0.0,0.0,0.0,0.0,0.0,0.0,0.0,0.0,0.0,0.0,0.0,0.0,0.0,0.0,0.0,0.0,0.0,0.0,0.0,0.0,0.0,0.0,0.0,0.0,1.0,0.0,6.0,4.0,2.0,1.0,1.0,2.0,0.0,1.0,1.0,1.0,1.0,3.0,1.0,2.0,1.0,0.0,1.0,2.0,3.0,3.0,3.0,4.0,3.0,4.0,9.0,16.0,10.0,6.0,13.0,5.0,4.0,5.0,11.0,3.0,10.0,2.0,12.0,3.0,0.0,0.0,0.0,0.0,0.0,0.0,0.0,0.0,0.0,0.0,0.0,0.0,0.0,0.0,0.0,0.0,0.0,0.0,0.0,0.0,0.0,0.0,0.0,0.0,0.0,0.0,0.0,0.0,0.0,0.0,0.0,0.0,0.0,0.0,0.0,0.0,0.0,0.0,0.0,0.0,0.0,0.0,0.0,0.0,0.0,0.0,0.0,0.0,0.0,0.0,0.0,0.0,0.0,0.0,0.0,0.0,0.0,0.0,0.0,0.0,0.0,0.0,0.0,0.0,0.0,0.0,0.0,0.0,0.0,0.0,0.0,0.0,0.0,0.0,0.0,0.0,0.0,0.0,0.0,0.0,0.0,0.0,0.0,0.0,0.0,0.0,0.0,0.0,0.0,0.0,0.0,0.0,0.0,0.0,0.0,0.0,0.0,0.0,0.0,0.0,0.0,0.0,0.0,0.0,0.0,0.0,0.0,0.0,0.0,0.0,0.0,0.0,0.0,0.0,1.0
bins
1.78215049863,2.61411537626,3.44608025389,4.27804513152,5.11001000915,5.94197488678,6.77393976441,7.60590464204,8.43786951967,9.2698343973,10.1017992749,10.9337641526,11.7657290302,12.5976939078,13.4296587854,14.2616236631,15.0935885407,15.9255534183,16.757518296,17.5894831736,18.4214480512,19.2534129289,20.0853778065,20.9173426841,21.7493075617,22.5812724394,23.413237317,24.2452021946,25.0771670723,25.9091319499,26.7410968275,27.5730617052,28.4050265828,29.2369914604,30.068956338,30.9009212157,31.7328860933,32.5648509709,33.3968158486,34.2287807262,35.0607456038,35.8927104814,36.7246753591,37.5566402367,38.3886051143,39.220569992,40.0525348696,40.8844997472,41.7164646249,42.5484295025,43.3803943801,44.2123592577,45.0443241354,45.876289013,46.7082538906,47.5402187683,48.3721836459,49.2041485235,50.0361134012,50.8680782788,51.7000431564,52.532008034,53.3639729117,54.1959377893,55.0279026669,55.8598675446,56.6918324222,57.5237972998,58.3557621775,59.1877270551,60.0196919327,60.8516568103,61.683621688,62.5155865656,63.3475514432,64.1795163209,65.0114811985,65.8434460761,66.6754109538,67.5073758314,68.339340709,69.1713055866,70.0032704643,70.8352353419,71.6672002195,72.4991650972,73.3311299748,74.1630948524,74.99505973,75.8270246077,76.6589894853,77.4909543629,78.3229192406,79.1548841182,79.9868489958,80.8188138735,81.6507787511,82.4827436287,83.3147085063,84.146673384,84.9786382616,85.8106031392,86.6425680169,87.4745328945,88.3064977721,89.1384626498,89.9704275274,90.802392405,91.6343572826,92.4663221603,93.2982870379,94.1302519155,94.9622167932,95.7941816708,96.6261465484,97.4581114261,98.2900763037,99.1220411813,99.9540060589,100.785970937,101.617935814,102.449900692,103.281865569,104.113830447,104.945795325,105.777760202,106.60972508,107.441689958,108.273654835,109.105619713,109.93758459,110.769549468,111.601514346,112.433479223,113.265444101,114.097408979,114.929373856,115.761338734,116.593303612,117.425268489,118.257233367,119.089198244,119.921163122,120.753128,121.585092877,122.417057755,123.249022633,124.08098751,124.912952388,125.744917265,126.576882143,127.408847021,128.240811898,129.072776776,129.904741654,130.736706531,131.568671409,132.400636287,133.232601164,134.064566042,134.896530919,135.728495797,136.560460675,137.392425552,138.22439043,139.056355308,139.888320185,140.720285063,141.55224994,142.384214818,143.216179696,144.048144573,144.880109451,145.712074329,146.544039206,147.376004084,148.207968961,149.039933839,149.871898717,150.703863594,151.535828472,152.36779335,153.199758227,154.031723105,154.863687983,155.69565286,156.527617738,157.359582615,158.191547493,159.023512371,159.855477248,160.687442126,161.519407004,162.351371881,163.183336759,164.015301636,164.847266514,165.679231392,166.511196269,167.343161147,168.175126025,169.007090902,169.83905578,170.671020657,171.502985535,172.334950413,173.16691529,173.998880168,174.830845046,175.662809923,176.494774801,177.326739679,178.158704556,178.990669434,179.822634311,180.654599189,181.486564067,182.318528944,183.150493822,183.9824587,184.814423577,185.646388455,186.478353332,187.31031821,188.142283088,188.974247965,189.806212843,190.638177721,191.470142598,192.302107476,193.134072353,193.966037231,194.798002109,195.629966986,196.461931864,197.293896742,198.125861619,198.957826497,199.789791375,200.621756252,201.45372113,202.285686007,203.117650885,203.949615763,204.78158064,205.613545518,206.445510396,207.277475273,208.109440151,208.941405028,209.773369906
standard_deviation
31.2827848266
mean
16.7206615618
outliars_removed_beyond_3_simga
2