file counts
1131
counts(percent)
2.0,2.0,0.0,1.0,0.0,1.0,1.0,0.0,1.0,1.0,2.0,0.0,0.0,2.0,2.0,3.0,1.0,3.0,0.0,2.0,2.0,3.0,1.0,0.0,0.0,2.0,1.0,0.0,1.0,5.0,1.0,2.0,0.0,2.0,2.0,0.0,0.0,3.0,1.0,3.0,0.0,1.0,0.0,3.0,1.0,2.0,2.0,2.0,2.0,0.0,2.0,1.0,1.0,1.0,2.0,1.0,4.0,8.0,9.0,8.0,5.0,8.0,5.0,4.0,4.0,4.0,6.0,8.0,1.0,7.0,8.0,7.0,4.0,7.0,5.0,3.0,3.0,1.0,2.0,4.0,3.0,5.0,2.0,1.0,6.0,5.0,5.0,2.0,4.0,3.0,7.0,2.0,2.0,3.0,0.0,1.0,6.0,0.0,8.0,3.0,2.0,5.0,7.0,5.0,8.0,8.0,8.0,6.0,6.0,4.0,4.0,8.0,4.0,10.0,7.0,7.0,5.0,8.0,5.0,2.0,5.0,9.0,6.0,8.0,9.0,5.0,3.0,8.0,10.0,3.0,14.0,4.0,5.0,6.0,6.0,9.0,10.0,9.0,6.0,7.0,2.0,4.0,7.0,5.0,9.0,13.0,9.0,10.0,8.0,9.0,5.0,4.0,3.0,8.0,7.0,5.0,6.0,7.0,5.0,12.0,12.0,11.0,7.0,7.0,5.0,10.0,12.0,12.0,10.0,7.0,9.0,13.0,13.0,10.0,9.0,7.0,9.0,10.0,4.0,13.0,6.0,3.0,8.0,8.0,7.0,5.0,5.0,6.0,5.0,3.0,5.0,9.0,11.0,6.0,3.0,7.0,5.0,11.0,8.0,3.0,4.0,4.0,8.0,3.0,10.0,9.0,2.0,4.0,1.0,7.0,5.0,6.0,5.0,4.0,2.0,7.0,5.0,1.0,4.0,1.0,1.0,3.0,2.0,1.0,3.0,2.0,2.0,1.0,2.0,4.0,1.0,3.0,1.0,3.0,3.0,3.0,1.0,2.0,2.0,3.0,8.0,1.0,2.0,0.0,0.0,2.0,0.0,2.0,0.0,1.0
bins
-9471.6834732,-9389.15970291,-9306.63593261,-9224.11216232,-9141.58839202,-9059.06462173,-8976.54085143,-8894.01708114,-8811.49331084,-8728.96954055,-8646.44577025,-8563.92199996,-8481.39822966,-8398.87445937,-8316.35068908,-8233.82691878,-8151.30314849,-8068.77937819,-7986.2556079,-7903.7318376,-7821.20806731,-7738.68429701,-7656.16052672,-7573.63675642,-7491.11298613,-7408.58921583,-7326.06544554,-7243.54167524,-7161.01790495,-7078.49413465,-6995.97036436,-6913.44659407,-6830.92282377,-6748.39905348,-6665.87528318,-6583.35151289,-6500.82774259,-6418.3039723,-6335.780202,-6253.25643171,-6170.73266141,-6088.20889112,-6005.68512082,-5923.16135053,-5840.63758023,-5758.11380994,-5675.59003965,-5593.06626935,-5510.54249906,-5428.01872876,-5345.49495847,-5262.97118817,-5180.44741788,-5097.92364758,-5015.39987729,-4932.87610699,-4850.3523367,-4767.8285664,-4685.30479611,-4602.78102581,-4520.25725552,-4437.73348523,-4355.20971493,-4272.68594464,-4190.16217434,-4107.63840405,-4025.11463375,-3942.59086346,-3860.06709316,-3777.54332287,-3695.01955257,-3612.49578228,-3529.97201198,-3447.44824169,-3364.92447139,-3282.4007011,-3199.8769308,-3117.35316051,-3034.82939022,-2952.30561992,-2869.78184963,-2787.25807933,-2704.73430904,-2622.21053874,-2539.68676845,-2457.16299815,-2374.63922786,-2292.11545756,-2209.59168727,-2127.06791697,-2044.54414668,-1962.02037638,-1879.49660609,-1796.9728358,-1714.4490655,-1631.92529521,-1549.40152491,-1466.87775462,-1384.35398432,-1301.83021403,-1219.30644373,-1136.78267344,-1054.25890314,-971.735132849,-889.211362554,-806.687592259,-724.163821965,-641.64005167,-559.116281375,-476.592511081,-394.068740786,-311.544970491,-229.021200196,-146.497429902,-63.9736596071,18.5501106876,101.073880982,183.597651277,266.121421572,348.645191866,431.168962161,513.692732456,596.21650275,678.740273045,761.26404334,843.787813634,926.311583929,1008.83535422,1091.35912452,1173.88289481,1256.40666511,1338.9304354,1421.4542057,1503.97797599,1586.50174629,1669.02551658,1751.54928688,1834.07305717,1916.59682747,1999.12059776,2081.64436805,2164.16813835,2246.69190864,2329.21567894,2411.73944923,2494.26321953,2576.78698982,2659.31076012,2741.83453041,2824.35830071,2906.882071,2989.4058413,3071.92961159,3154.45338189,3236.97715218,3319.50092247,3402.02469277,3484.54846306,3567.07223336,3649.59600365,3732.11977395,3814.64354424,3897.16731454,3979.69108483,4062.21485513,4144.73862542,4227.26239572,4309.78616601,4392.30993631,4474.8337066,4557.35747689,4639.88124719,4722.40501748,4804.92878778,4887.45255807,4969.97632837,5052.50009866,5135.02386896,5217.54763925,5300.07140955,5382.59517984,5465.11895014,5547.64272043,5630.16649073,5712.69026102,5795.21403132,5877.73780161,5960.2615719,6042.7853422,6125.30911249,6207.83288279,6290.35665308,6372.88042338,6455.40419367,6537.92796397,6620.45173426,6702.97550456,6785.49927485,6868.02304515,6950.54681544,7033.07058574,7115.59435603,7198.11812632,7280.64189662,7363.16566691,7445.68943721,7528.2132075,7610.7369778,7693.26074809,7775.78451839,7858.30828868,7940.83205898,8023.35582927,8105.87959957,8188.40336986,8270.92714016,8353.45091045,8435.97468074,8518.49845104,8601.02222133,8683.54599163,8766.06976192,8848.59353222,8931.11730251,9013.64107281,9096.1648431,9178.6886134,9261.21238369,9343.73615399,9426.25992428,9508.78369458,9591.30746487,9673.83123517,9756.35500546,9838.87877575,9921.40254605,10003.9263163,10086.4500866,10168.9738569,10251.4976272,10334.0213975,10416.5451678,10499.0689381,10581.5927084,10664.1164787,10746.640249,10829.1640193,10911.6877896,10994.2115599,11076.7353302,11159.2591005
standard_deviation
3.33916517956
mean
2042.32344221
outliars_removed_beyond_3_simga
179