file counts
1308
counts(percent)
1.0,2.0,2.0,1.0,1.0,4.0,11.0,7.0,5.0,7.0,4.0,9.0,9.0,19.0,13.0,3.0,3.0,10.0,15.0,12.0,10.0,19.0,16.0,31.0,20.0,27.0,31.0,55.0,42.0,49.0,38.0,45.0,39.0,34.0,32.0,39.0,50.0,25.0,13.0,29.0,51.0,37.0,21.0,21.0,21.0,22.0,9.0,11.0,17.0,20.0,19.0,10.0,8.0,10.0,4.0,6.0,3.0,8.0,10.0,8.0,8.0,1.0,1.0,2.0,3.0,2.0,1.0,2.0,2.0,1.0,4.0,0.0,0.0,0.0,0.0,0.0,0.0,0.0,0.0,0.0,0.0,0.0,0.0,0.0,0.0,0.0,0.0,0.0,0.0,0.0,0.0,0.0,0.0,0.0,0.0,0.0,0.0,0.0,0.0,0.0,0.0,0.0,0.0,0.0,0.0,0.0,0.0,0.0,0.0,0.0,0.0,0.0,0.0,0.0,0.0,0.0,0.0,0.0,0.0,0.0,0.0,0.0,0.0,0.0,0.0,1.0,0.0,0.0,0.0,0.0,0.0,0.0,0.0,0.0,0.0,0.0,0.0,0.0,0.0,0.0,0.0,0.0,0.0,0.0,0.0,0.0,0.0,0.0,0.0,0.0,0.0,0.0,0.0,4.0,9.0,8.0,0.0,0.0,0.0,0.0,0.0,0.0,0.0,0.0,0.0,0.0,0.0,0.0,0.0,0.0,0.0,0.0,0.0,0.0,0.0,0.0,0.0,0.0,0.0,0.0,0.0,0.0,0.0,0.0,0.0,0.0,0.0,0.0,1.0,0.0,0.0,0.0,0.0,0.0,0.0,0.0,0.0,1.0,0.0,1.0,4.0,4.0,2.0,1.0,1.0,1.0,0.0,1.0,1.0,0.0,1.0,2.0,0.0,1.0,2.0,1.0,1.0,2.0,1.0,0.0,0.0,0.0,1.0,0.0,5.0,0.0,3.0,3.0,2.0,3.0,3.0,3.0,6.0,10.0,16.0,3.0,4.0,13.0,4.0,3.0,4.0,3.0,5.0,8.0,3.0,8.0,2.0,4.0,11.0,2.0
bins
-0.779059214409,-0.734480495586,-0.689901776764,-0.645323057942,-0.600744339119,-0.556165620297,-0.511586901475,-0.467008182652,-0.42242946383,-0.377850745008,-0.333272026185,-0.288693307363,-0.244114588541,-0.199535869718,-0.154957150896,-0.110378432074,-0.0657997132513,-0.021220994429,0.0233577243934,0.0679364432157,0.112515162038,0.15709388086,0.201672599683,0.246251318505,0.290830037327,0.33540875615,0.379987474972,0.424566193794,0.469144912617,0.513723631439,0.558302350262,0.602881069084,0.647459787906,0.692038506729,0.736617225551,0.781195944373,0.825774663196,0.870353382018,0.91493210084,0.959510819663,1.00408953848,1.04866825731,1.09324697613,1.13782569495,1.18240441377,1.2269831326,1.27156185142,1.31614057024,1.36071928906,1.40529800789,1.44987672671,1.49445544553,1.53903416435,1.58361288318,1.628191602,1.67277032082,1.71734903964,1.76192775846,1.80650647729,1.85108519611,1.89566391493,1.94024263375,1.98482135258,2.0294000714,2.07397879022,2.11855750904,2.16313622787,2.20771494669,2.25229366551,2.29687238433,2.34145110316,2.38602982198,2.4306085408,2.47518725962,2.51976597844,2.56434469727,2.60892341609,2.65350213491,2.69808085373,2.74265957256,2.78723829138,2.8318170102,2.87639572902,2.92097444785,2.96555316667,3.01013188549,3.05471060431,3.09928932314,3.14386804196,3.18844676078,3.2330254796,3.27760419842,3.32218291725,3.36676163607,3.41134035489,3.45591907371,3.50049779254,3.54507651136,3.58965523018,3.634233949,3.67881266783,3.72339138665,3.76797010547,3.81254882429,3.85712754311,3.90170626194,3.94628498076,3.99086369958,4.0354424184,4.08002113723,4.12459985605,4.16917857487,4.21375729369,4.25833601252,4.30291473134,4.34749345016,4.39207216898,4.43665088781,4.48122960663,4.52580832545,4.57038704427,4.61496576309,4.65954448192,4.70412320074,4.74870191956,4.79328063838,4.83785935721,4.88243807603,4.92701679485,4.97159551367,5.0161742325,5.06075295132,5.10533167014,5.14991038896,5.19448910779,5.23906782661,5.28364654543,5.32822526425,5.37280398307,5.4173827019,5.46196142072,5.50654013954,5.55111885836,5.59569757719,5.64027629601,5.68485501483,5.72943373365,5.77401245248,5.8185911713,5.86316989012,5.90774860894,5.95232732777,5.99690604659,6.04148476541,6.08606348423,6.13064220305,6.17522092188,6.2197996407,6.26437835952,6.30895707834,6.35353579717,6.39811451599,6.44269323481,6.48727195363,6.53185067246,6.57642939128,6.6210081101,6.66558682892,6.71016554775,6.75474426657,6.79932298539,6.84390170421,6.88848042303,6.93305914186,6.97763786068,7.0222165795,7.06679529832,7.11137401715,7.15595273597,7.20053145479,7.24511017361,7.28968889244,7.33426761126,7.37884633008,7.4234250489,7.46800376772,7.51258248655,7.55716120537,7.60173992419,7.64631864301,7.69089736184,7.73547608066,7.78005479948,7.8246335183,7.86921223713,7.91379095595,7.95836967477,8.00294839359,8.04752711242,8.09210583124,8.13668455006,8.18126326888,8.2258419877,8.27042070653,8.31499942535,8.35957814417,8.40415686299,8.44873558182,8.49331430064,8.53789301946,8.58247173828,8.62705045711,8.67162917593,8.71620789475,8.76078661357,8.8053653324,8.84994405122,8.89452277004,8.93910148886,8.98368020768,9.02825892651,9.07283764533,9.11741636415,9.16199508297,9.2065738018,9.25115252062,9.29573123944,9.34030995826,9.38488867709,9.42946739591,9.47404611473,9.51862483355,9.56320355238,9.6077822712,9.65236099002,9.69693970884,9.74151842766,9.78609714649,9.83067586531,9.87525458413,9.91983330295,9.96441202178,10.0089907406,10.0535694594,10.0981481782,10.1427268971,10.1873056159,10.2318843347,10.2764630535,10.3210417724,10.3656204912
standard_deviation
10.4782321695
mean
1.90488619913
outliars_removed_beyond_3_simga
2