file counts
1309
counts(percent)
1.0,0.0,0.0,0.0,0.0,0.0,0.0,0.0,0.0,0.0,0.0,0.0,0.0,0.0,0.0,0.0,0.0,1.0,4.0,8.0,5.0,1.0,5.0,1.0,0.0,10.0,8.0,3.0,3.0,8.0,10.0,27.0,30.0,18.0,17.0,30.0,11.0,20.0,28.0,35.0,70.0,80.0,52.0,42.0,42.0,33.0,27.0,28.0,13.0,8.0,24.0,59.0,23.0,14.0,19.0,13.0,18.0,33.0,28.0,20.0,25.0,20.0,17.0,11.0,10.0,29.0,9.0,9.0,16.0,17.0,5.0,4.0,1.0,2.0,0.0,0.0,0.0,0.0,0.0,0.0,9.0,2.0,3.0,3.0,4.0,0.0,0.0,0.0,0.0,0.0,0.0,0.0,0.0,0.0,0.0,0.0,0.0,0.0,0.0,0.0,1.0,0.0,0.0,0.0,0.0,0.0,0.0,0.0,0.0,0.0,0.0,0.0,0.0,0.0,0.0,0.0,0.0,0.0,0.0,0.0,4.0,10.0,5.0,8.0,6.0,8.0,14.0,6.0,6.0,3.0,1.0,3.0,4.0,4.0,2.0,1.0,0.0,0.0,0.0,0.0,0.0,0.0,0.0,0.0,0.0,0.0,0.0,0.0,0.0,4.0,5.0,3.0,2.0,7.0,7.0,27.0,1.0,1.0,0.0,0.0,0.0,1.0,2.0,4.0,6.0,4.0,1.0,0.0,0.0,0.0,0.0,0.0,0.0,0.0,0.0,0.0,0.0,0.0,0.0,0.0,0.0,0.0,0.0,0.0,0.0,0.0,0.0,0.0,0.0,0.0,0.0,0.0,0.0,0.0,0.0,0.0,0.0,0.0,0.0,0.0,0.0,0.0,0.0,0.0,0.0,0.0,0.0,0.0,0.0,0.0,0.0,0.0,0.0,0.0,0.0,0.0,0.0,0.0,0.0,0.0,0.0,0.0,0.0,0.0,0.0,0.0,0.0,0.0,0.0,0.0,0.0,0.0,0.0,0.0,0.0,0.0,0.0,0.0,0.0,11.0,5.0,5.0,0.0,0.0,0.0,0.0,0.0,0.0,0.0,1.0
bins
39.4704092051,194.6061156,349.741821995,504.87752839,660.013234786,815.148941181,970.284647576,1125.42035397,1280.55606037,1435.69176676,1590.82747316,1745.96317955,1901.09888595,2056.23459234,2211.37029874,2366.50600513,2521.64171153,2676.77741792,2831.91312432,2987.04883071,3142.18453711,3297.3202435,3452.4559499,3607.59165629,3762.72736269,3917.86306908,4072.99877548,4228.13448187,4383.27018827,4538.40589466,4693.54160106,4848.67730745,5003.81301385,5158.94872024,5314.08442664,5469.22013303,5624.35583943,5779.49154582,5934.62725222,6089.76295861,6244.89866501,6400.0343714,6555.1700778,6710.30578419,6865.44149059,7020.57719699,7175.71290338,7330.84860978,7485.98431617,7641.12002257,7796.25572896,7951.39143536,8106.52714175,8261.66284815,8416.79855454,8571.93426094,8727.06996733,8882.20567373,9037.34138012,9192.47708652,9347.61279291,9502.74849931,9657.8842057,9813.0199121,9968.15561849,10123.2913249,10278.4270313,10433.5627377,10588.6984441,10743.8341505,10898.9698569,11054.1055633,11209.2412697,11364.376976,11519.5126824,11674.6483888,11829.7840952,11984.9198016,12140.055508,12295.1912144,12450.3269208,12605.4626272,12760.5983336,12915.73404,13070.8697464,13226.0054528,13381.1411592,13536.2768656,13691.412572,13846.5482784,14001.6839848,14156.8196912,14311.9553976,14467.091104,14622.2268103,14777.3625167,14932.4982231,15087.6339295,15242.7696359,15397.9053423,15553.0410487,15708.1767551,15863.3124615,16018.4481679,16173.5838743,16328.7195807,16483.8552871,16638.9909935,16794.1266999,16949.2624063,17104.3981127,17259.5338191,17414.6695255,17569.8052319,17724.9409382,17880.0766446,18035.212351,18190.3480574,18345.4837638,18500.6194702,18655.7551766,18810.890883,18966.0265894,19121.1622958,19276.2980022,19431.4337086,19586.569415,19741.7051214,19896.8408278,20051.9765342,20207.1122406,20362.247947,20517.3836534,20672.5193598,20827.6550661,20982.7907725,21137.9264789,21293.0621853,21448.1978917,21603.3335981,21758.4693045,21913.6050109,22068.7407173,22223.8764237,22379.0121301,22534.1478365,22689.2835429,22844.4192493,22999.5549557,23154.6906621,23309.8263685,23464.9620749,23620.0977813,23775.2334877,23930.3691941,24085.5049004,24240.6406068,24395.7763132,24550.9120196,24706.047726,24861.1834324,25016.3191388,25171.4548452,25326.5905516,25481.726258,25636.8619644,25791.9976708,25947.1333772,26102.2690836,26257.40479,26412.5404964,26567.6762028,26722.8119092,26877.9476156,27033.083322,27188.2190283,27343.3547347,27498.4904411,27653.6261475,27808.7618539,27963.8975603,28119.0332667,28274.1689731,28429.3046795,28584.4403859,28739.5760923,28894.7117987,29049.8475051,29204.9832115,29360.1189179,29515.2546243,29670.3903307,29825.5260371,29980.6617435,30135.7974499,30290.9331563,30446.0688626,30601.204569,30756.3402754,30911.4759818,31066.6116882,31221.7473946,31376.883101,31532.0188074,31687.1545138,31842.2902202,31997.4259266,32152.561633,32307.6973394,32462.8330458,32617.9687522,32773.1044586,32928.240165,33083.3758714,33238.5115778,33393.6472842,33548.7829905,33703.9186969,33859.0544033,34014.1901097,34169.3258161,34324.4615225,34479.5972289,34634.7329353,34789.8686417,34945.0043481,35100.1400545,35255.2757609,35410.4114673,35565.5471737,35720.6828801,35875.8185865,36030.9542929,36186.0899993,36341.2257057,36496.3614121,36651.4971185,36806.6328248,36961.7685312,37116.9042376,37272.039944,37427.1756504,37582.3113568,37737.4470632,37892.5827696,38047.718476,38202.8541824,38357.9898888,38513.1255952,38668.2613016,38823.397008
standard_deviation
11.4388677228
mean
9668.5988895
outliars_removed_beyond_3_simga
1